0:55
1:55
2:53, 55
3:50, 53
4:48, 51
5:50, 43, 46
6:48
7:50, 46
8:48, 51
9:50, 46, 31
10:48, 51, 36
11:50, 43, 46
12:48, 45
13:43, 46, 39
14:45
15:43
16:50, 43, 38
17:42
18:47, 43, 38, 31
19:50, 55
20:55
21:55
22:53, 55
23:50, 53
24:48, 51
25:50, 43, 46
26:48
27:50, 46
28:48, 51
29:50, 46, 31
30:48, 51, 36
31:50, 43, 46
32:48, 45
33:43, 46, 39
34:45
35:43
36:50, 43, 38
37:42
38:47, 43, 38, 31
39:50, 55
40:48, 51, 36, 55
41:48, 51, 36, 55
42:48, 51, 36, 55
43:48, 51, 36, 55
44:50, 43, 58, 46
45:57, 50, 42, 38
46:57, 42
47:47, 50, 43, 55, 31
48:48, 51, 36, 55
49:48, 51, 36, 55
50:48, 51, 55
51:48, 51, 36, 55
52:50, 43, 58, 46
53:57, 50, 42, 38
54:57, 42
55:47, 50, 43, 55, 31
56:43
57:41
58:43
59:39
60:55
61:53, 38
62:55, 39
63:51, 36
64:48, 51
65:50, 43, 46
66:48, 51, 36
67:48, 41
68:53
69:48, 41, 53, 56
70:55
71:48, 51, 36, 55
72:53
73:51
74:48, 50, 43
75:47
76:48, 52, 43, 36
77:55
78:55
79:52, 55
80:50, 53
81:48, 52
82:50, 43, 46
83:48
84:50, 46
85:48, 52
86:50, 46, 31
87:48, 51, 36
88:50, 43, 46
89:48, 45
90:43, 46, 39
91:45
92:43
93:50, 43, 38
94:42
95:47, 43, 38, 31
96:50, 55
97:48, 51, 36, 55
98:48, 51, 36, 55
99:48, 51, 36, 55
100:48, 51, 36, 55
101:50, 43, 58, 46
102:57, 42, 50, 38
103:57, 42
104:47, 50, 43, 55, 31
105:43
106:41
107:43
108:39
109:55
110:53, 38
111:55, 39
112:51, 36
113:48, 51
114:50, 43, 46
115:48, 51, 36
116:48, 41
117:53
118:48, 41, 53, 57
119:55
120:48, 51, 36, 55
121:53
122:51
123:48, 50, 43
124:47
125:48, 52, 43, 36
