0:64
1:64
2:64, 62
3:59, 62
4:57, 60
5:59, 52, 55
6:57
7:59, 55
8:57, 60
9:40, 59, 55
10:57, 60, 45
11:59, 52, 55
12:57, 54
13:48, 52, 55
14:54
15:52
16:59, 52, 47
17:51
18:40, 56, 52, 47
19:64, 59
20:64
21:64
22:64, 62
23:59, 62
24:57, 60
25:59, 52, 55
26:57
27:59, 55
28:57, 60
29:40, 59, 55
30:57, 60, 45
31:59, 52, 55
32:57, 54
33:48, 52, 55
34:54
35:52
36:59, 52, 47
37:51
38:40, 56, 52, 47
39:64, 59
40:64, 57, 60, 45
41:64, 57, 60, 45
42:64, 57, 60, 45
43:64, 57, 60, 45
44:67, 59, 52, 55
45:51, 66, 59, 47
46:66, 51
47:40, 56, 59, 52, 64
48:64, 57, 60, 45
49:64, 57, 60, 45
50:64, 57, 60
51:64, 57, 60, 45
52:67, 59, 52, 55
53:51, 66, 59, 47
54:66, 51
55:40, 56, 59, 52, 64
56:52
57:50
58:52
59:48
60:64
61:62, 47
62:48, 64
63:60, 45
64:57, 60
65:59, 52, 55
66:57, 60, 45
67:57, 50
68:62
69:57, 50, 62, 65
70:64
71:64, 57, 60, 45
72:62
73:60
74:57, 59, 52
75:56
76:57, 52, 45, 61
77:64
78:64
79:64, 61
80:59, 62
81:57, 61
82:59, 52, 55
83:57
84:59, 55
85:57, 61
86:40, 59, 55
87:57, 60, 45
88:59, 52, 55
89:57, 54
90:48, 52, 55
91:54
92:52
93:59, 52, 47
94:51
95:40, 56, 52, 47
96:64, 59
97:64, 57, 60, 45
98:64, 57, 60, 45
99:64, 57, 60, 45
100:64, 57, 60, 45
101:67, 59, 52, 55
102:59, 66, 51, 47
103:66, 51
104:40, 56, 59, 52, 64
105:52
106:50
107:52
108:48
109:64
110:62, 47
111:48, 64
112:60, 45
113:57, 60
114:59, 52, 55
115:57, 60, 45
116:57, 50
117:62
118:57, 50, 66, 62
119:64
120:64, 57, 60, 45
121:62
122:60
123:57, 59, 52
124:56
125:57, 52, 45, 61
